0.0303081
0.02608834
0.03665359
0.02032418
0.02574189
0.02207067
0.02902863
0.02263065
0.03140046
0.02932473
0.03901924
0.03688135
0.03656997
0.02898785
0.02610283
0.02322309
0.02452804
0.02625525
0.02153519
0.03002749
0.0325135
0.03528654
0.03307599
0.03466092
0.02850641
0.04263231
0.0239811
0.02929006
0.03970781
0.04003971
0.03475991
0.02506755
0.02398499
0.03008703
0.03461844
0.02947135
0.03308184
0.03018936
0.02217707
0.03721394
0.04537513
0.04257087
0.04270314
0.03270577
0.03212166
0.03498099
0.04284829
0.0289478
0.03646344
0.03588044
0.03589364
0.03285888
0.04978912
0.03699556
0.032062
0.04009346
0.05179778
0.03877051
0.05222417
0.04516452
0.01902344
0.02493672
0.02855242
0.0316996
0.03794556
0.04062579
0.03342208
0.03805481
0.02634373
0.02849667
0.02785285
0.0180419
0.02558566
0.02992308
0.02892867
0.02913112
0.04118565
0.0175369
0.01889792
0.02148718
0.03215367
0.0195301
0.03028549
0.01854003
0.01036672
0.01746244
0.03102769
0.02443825
0.02745578
0.0216408
0.0247919
0.0235335
0.01836924
0.02623425
0.02109563
0.02929669
0.03887407
0.02888687
0.04278334
0.02640136
0.02172229
0.02486669
0.01629642
0.02415343
0.03600415
0.01668447
0.0207783
0.01694167
0.03042009
0.03252654
0.04061069
0.01416787
0.01541261
0.02368098
0.01814034
0.02045159
0.02324098
0.03792094
0.0371863
0.02506865
0.0261598
0.0234469
0.01955504
0.02832598
0.02526279
0.01639548
0.01894743
0.03047837
0.02632654
0.02062792
0.01806083
0.02523744
0.02888071
0.03202595
0.04551113
0.03656244
0.04754309
0.01781579
0.03460016
0.04532377
0.0351926
0.02187037
0.03016796
0.04076007
0.02667873
0.02775338
0.02293392
0.02521698
0.03018775
0.03706783
0.0357483
0.03362718
0.03628616
0.02766087
0.02373428
0.04221703
0.02831417
0.02128659
0.02505247
0.02184604
0.025631
0.01463089
0.03380223
0.03992939
0.02610124
0.03048993
0.04006929
0.04519401
0.03353758
0.03837722
0.03708747
0.01978194
0.02204585
0.01990934
0.02129571
0.02688679
0.02461485
0.02656414
0.03459148
0.01487137
0.01613498
0.02560957
0.03202087
0.04219499
0.04590299
0.02838893
0.03908033
0.03734851
0.02060407
0.04109369
0.03252095
0.02974002
0.03609324
0.01927726
0.0222578
0.03060097
0.09316593
0.0266455
0.02050512
0.02625561
0.03170653
0.03076288
0.02244238
0.0244543
0.02466726
0.0141283
0.02485749
0.02684345
0.03057547
0.05274941
0.02602765
0.02696655
0.03068764
0.03741086
0.02286678
0.0228484
0.01976806
0.01692881
0.02909897
0.03369218
0.03193495
0.03008881
0.03414741
0.02060559
0.01660984
0.03013226
0.02854321
0.04917022
0.02793991
0.0254548
0.03821675
0.02784732
0.02916978
0.03246836
0.02212825
0.02316736
0.02321536
0.0252367
0.02005065
0.01874507
0.02395987
0.03031163
0.02562135
0.02222788
0.03226393
0.02863902
0.0198731
0.02640727
0.02887267
0.02550695
0.0413253
0.02427297
0.02748529
0.01820419
0.01385869
0.01821298
0.02115143
0.0184719
0.02591594
0.02947081
0.02627761
0.01912199
0.02377329
0.018006
0.02572255
0.02025309
0.01570609
0.01297544
0.007395259
0.01167344
0.01371401
0.01612418
0.008226525
0.03683567
0.01154465
0.006523001
0.004247259
0.003217011
0.004109128
0.00233718
0.005245263
0.01446436
0.01830895
0.01916317
0.03021307
0.02425874
0.03328715
0.02350834
0.02246821
0.02495888
0.01639752
0.01852001
0.02201282
0.03239031
0.02147395
0.02157387
0.01732516
0.008760834
0.01799542
0.02901953
0.01823589
0.02116566
0.02661381
0.02920748
0.02571996
0.0222897
0.01892615
0.02697775
0.02498341
0.03024201
0.02371307
0.02941081
0.0293329
0.02537669
0.01416191
0.02080083
0.01350652
0.01244596
0.02123349
0.01833304
0.01697639
0.0285685
0.01023469
0.02591437
0.0282674
0.02315662
0.02494983
0.01589719
0.02103576
0.01948994
0.01520151
0.01752136
0.02548142
0.02167556
0.01492841
0.01781937
0.02401055
0.01303115
0.007884733
0.02172118
0.01711181
0.01859973
0.02200566
0.0170762
0.01462178
0.0122174
0.01544369
0.01164832
0.009693603
0.009585717
0.01676603
0.01232455
0.01311669
0.01410087
0.0156016
0.01745772
0.009699246
0.008951912
0.01155563
0.01174559
0.01342752
0.01234101
0.01773628
0.01145092
0.007049406
0.01068914
0.008182403
0.01667493
0.006364379
0.01168942
0.007415997
0.003914542
0.005340001
0.002655097
0.00509773
0.009124937
0.006867175
0.004866808
0.005916737
0.006808949
0.006973845
0.00883115
0.006262802
0.008959245
0.00597064
0.008053289
0.007187191
0.009689275
0.007261252
0.005317817
0.004437701
0.004015729
0.005163812
0.005589076
0.004985601
0.002050239
0.003269567
0.005282825
0.00376071
0.007437495
0.01518011
0.003893691
0.004462731
0.003258204
0.005226468
0.004350767
0.002805053
0.01706539
0.02194579
0.01866292
0.01934658
0.02153991
0.01358337
0.01284805
0.02573253
0.02268324
0.02428961
0.005013776
0.003657268
0.003832206
0.005329202
0.004469055
0.004593027
0.004303102
0.005305705
0.003435199
0.004814198
0.002259817
0.003823847
0.004185439
0.005019584
0.008229452
0.00298484
0.004317551
0.003193467
0.00346287
0.005683649
0.004144519
0.004949719
0.006714098
0.006537249
0.01861201
0.004616392
0.002572619
