0.0123495
0.00405244
0.0134258
0.0151344
0.0140228
0.0155085
0.0143165
0.0185403
0.0151954
0.0110119
0.0141734
0.0126282
0.014706
0.0138101
0.0140038
0.0195894
0.00831956
0.0125403
0.0109042
0.0139267
0.0119021
0.0111922
0.0109786
0.0128912
0.0108004
0.0150597
0.0137963
0.0132437
0.0124539
0.013785
0.0126256
0.0170239
0.0146804
0.0147042
0.0118689
0.0136876
0.0143956
0.0109728
0.0100568
0.0141114
0.0183251
0.0120536
0.0110444
0.00905337
0.0101019
0.0133161
0.010048
0.0136975
0.0135411
0.0109412
0.0146532
0.0125215
0.0136434
0.0136995
0.0137311
0.0111262
0.0148613
0.0155055
0.013512
0.013046
0.00960498
0.0100582
0.0154986
0.013666
0.0150004
0.0107034
0.0115322
0.0111797
0.0115641
0.0115051
0.0102112
0.0107382
0.0064787
0.00791974
0.00619126
0.00639811
0.01185
0.00638985
0.00532876
0.0142749
0.0127386
0.0140376
0.00736654
0.00493833
0.0160131
0.0115287
0.0146533
0.0113015
0.00985106
0.00408794
0.00968975
0.0109148
0.00929439
0.0126757
0.0119735
0.0126526
0.0132869
0.0097449
0.0126547
0.0108081
0.00723544
0.00656976
0.0147238
0.0141455
0.0115612
0.015803
0.0174068
0.00736341
0.00969156
0.0137448
0.0108833
0.00754733
0.010513
0.0167495
0.0153034
0.0132008
0.0149029
0.0142219
0.0145747
0.0108643
0.00952644
0.0114076
0.0165546
0.01443
0.0109932
0.0146913
0.0137521
0.0117372
0.0125447
0.0136445
0.0138357
0.0132177
0.0130938
0.0100823
0.014424
0.0052
0.00929021
0.0128724
0.0135503
0.0144214
0.0142207
0.0144898
0.0154386
0.014835
0.0163739
0.00668905
0.0138368
0.0149236
0.0103635
0.014545
0.0158744
0.0133728
0.0136826
0.0118214
0.0107656
0.00565103
0.00477253
0.0120314
0.0145452
0.0135368
0.0147358
0.00990829
0.00909062
0.00764708
0.00541824
0.00476872
0.00763265
0.0144167
0.0148864
0.0194414
0.010453
0.0132956
0.00821421
0.0100785
0.0144399
0.0140265
0.00883104
0.0159932
0.00615237
0.00601827
0.0124081
0.00469439
0.0104295
0.0126473
0.00940577
0.00647257
0.0106757
0.0150966
0.0170905
0.013548
0.0115422
0.0142582
0.0136745
0.0140637
0.0166792
0.0142783
0.00661793
0.0133345
0.011312
0.0114982
0.0155404
0.0157368
0.0158485
0.01478
0.0116836
0.0115298
0.0149739
0.0118876
0.0117667
0.0133876
0.0151271
0.013261
0.0116343
0.00532377
0.0124033
0.0174226
0.0110096
0.00843688
0.0138228
0.0112102
0.013179
0.0159334
0.0172079
0.0112703
0.0125692
0.0165978
0.0111843
0.00947331
0.00510309
0.0106468
0.00918387
0.00897211
0.00943121
0.00804263
0.0138446
0.0135656
0.0158709
0.0174071
0.0163009
0.0156239
0.0186147
0.00746602
0.00717144
0.0095049
0.0138038
0.0143876
0.0143735
0.0131248
0.0122222
0.0109987
0.00551168
0.0089226
0.0145151
0.0160256
0.015778
0.00820865
0.0128391
0.00431273
0.00739908
0.014178
0.0064908
0.0136659
0.0126893
0.0174612
0.0101259
0.0105793
0.0115803
0.00886683
0.00795732
0.00781011
0.0131324
0.0146505
0.0142654
0.0146239
0.0114868
0.012893
0.0144438
0.0156018
0.00522029
0.00870814
0.0139812
0.0125428
0.0133688
0.0129035
0.0133679
0.00968154
0.0132351
0.0103021
0.00972474
0.0075656
0.00802864
0.0132775
0.0123026
0.0122287
0.0119509
0.0131376
0.0126691
0.0124844
0.0123212
0.0155283
0.0137962
0.0143253
0.0138443
0.00831761
0.00406054
0.00690593
0.00944285
0.0101042
0.0151731
0.0113077
0.0129201
0.0126063
0.0105215
0.0112702
0.0120657
0.0138321
0.014762
0.00892023
0.0135482
0.0132485
0.00623794
0.00986368
0.00971781
0.00505966
0.00814261
0.00808283
0.00816866
0.00460125
0.00900505
0.00431106
0.00600707
0.00508665
0.00743902
0.00489553
0.00780509
0.00510621
0.00691231
0.00611256
0.00656939
0.00567517
0.00456268
0.00714712
0.00827716
0.0106935
0.0122348
0.00821779
0.00847608
0.00977489
0.010333
0.0124072
0.0126248
0.011118
0.00893109
0.0126346
0.0121772
0.0100918
0.0101858
0.0102584
0.0098594
0.0102484
0.00898591
0.0125886
0.0111304
0.0105267
0.011462
0.0130983
0.0144477
0.0126829
0.0138272
0.00894285
0.012035
0.0138881
0.0130867
0.014224
0.0133512
0.0126911
0.00975776
0.013331
0.012208
0.0126673
0.0123455
0.0137818
0.00989093
0.0120881
0.0136678
0.00965825
0.0119721
0.014458
0.0129738
0.0112016
0.0116475
0.0109328
0.0130019
0.0083449
0.00930717
0.0127714
0.0137186
0.0120851
0.0129121
0.0127312
0.0145824
0.0116285
0.0123313
0.0102661
0.012096
0.00753193
0.00660388
0.00755246
0.0129688
0.0132818
0.0141982
0.0105893
0.01311
0.013669
0.015357
0.0139253
0.0139539
0.0141377
0.0137509
0.0151627
0.0126223
0.0116409
0.011041
0.0130601
0.00799276
0.0124179
0.0140432
0.0154309
0.0109437
0.0114025
0.0148704
0.0119062
0.0153101
0.0161551
0.0147612
0.0135173
0.0106707
0.0161617
0.0168305
0.0147881
0.00908533
0.0138728
0.0128629
0.0162496
0.0154869
0.0159862
0.0128748
0.0121175
0.0119243
0.016379
0.0090264
0.012361
0.0138724
0.0128733
0.0167939
0.00723139
0.0135422
0.0159278
0.0139284
0.0132523
0.00982759
0.0158948
0.0125342
0.0128713
0.0177242
0.0157026
0.0139442
0.0141053
0.0136798
0.0235512
0.0112669
0.00540338
0.0129685
0.0140893
0.00603766
0.0145425
0.0132241
0.00720414
0.0170726
0.00812683
0.00487612
0.0145687
0.0143063
0.0130206
0.00747898
0.013815
0.0123867
0.0134136
0.0106321
0.00641577
0.0165736
0.0144585
0.0147239
0.0142606
0.0145474
0.0151733
0.00977066
0.010488
0.00828812
0.0132333
0.0147622
0.0122733
0.00739766
0.0160964
0.0143604
0.014366
0.0154352
0.0132364
0.0126147
0.0139453
0.0188556
0.0174586
0.017432
0.0151449
0.0164859
0.0146223
0.0155282
0.0128073
0.0139716
0.0160274
0.0103538
0.00938209
0.0129436
0.0134856
0.0149547
0.0160086
0.0160487
0.0165315
0.0136323
0.0140678
0.0152549
0.0142867
0.0170611
0.00584522
0.0138517
0.0125044
0.0156471
0.0153703
0.0139531
0.0122578
0.0137252
0.012105
0.0156501
0.0168969
0.0163694
0.00615356
0.0149937
0.0148586
0.0184595
0.018693
0.0148649
0.0143175
0.013594
0.0129314
0.0180983
0.0145401
0.014975
0.0149659
0.0125826
0.0112094
0.0153056
0.0178892
0.0146848
0.0128538
0.016701
0.0130443
0.0137156
0.0165269
0.0152037
0.013251
0.012002
0.00962971
0.0157924
0.0146237
0.0151553
0.0107653
0.0148855
0.0138006
0.0121699
0.00969148
0.0117076
0.0126855
0.00991907
0.0145442
0.015425
0.00957785
0.00885708
0.0156439
0.0102703
0.0102028
0.0169493
0.0169481
0.0179996
0.014435
0.0153208
0.0121619
0.013926
0.0153951
0.00622977
0.0151943
0.0172167
0.0150515
0.0131173
0.0153325
0.0128978
0.00732683
0.0164389
0.0148133
0.0156667
0.0177564
0.0165942
0.0158523
0.00948977
0.0162533
0.0106278
0.0168437
0.0155943
0.0118277
0.0165661
0.0164304
0.0165376
0.0151716
0.0155609
0.00582293
0.0140776
0.013961
0.0141184
0.0158415
0.0155424
0.0130772
0.0151034
0.0130974
0.0159264
0.0138391
0.0152656
0.0160522
0.0152423
0.0124443
0.0154166
0.0126067
0.0161188
0.0147801
0.0149908
0.0143561
0.017418
0.011317
0.0151801
0.0132041
0.0148639
0.0152409
0.0162204
0.00851136
0.0124385
0.0135268
0.0162676
0.0139397
0.0144184
0.013485
0.0158526
0.013509
0.0138002
0.0140245
0.0191368
0.0166174
0.0155044
0.0153122
0.0140337
0.0145054
0.0145353
0.0134909
0.0136157
0.0163158
0.0144214
0.0145831
0.0112618
0.0114717
0.0145806
0.0133895
0.0143242
0.0154445
0.0162402
0.0155544
0.0148051
0.0119441
0.00952626
0.00711579
0.0135613
0.0114558
0.0154867
0.0190854
0.0122405
0.0158776
0.00913743
0.0106618
0.0154792
0.0150003
0.0154758
0.0144218
0.0126803
0.0145841
0.0160758
0.0155116
0.0140099
0.0138731
0.0129871
0.0140512
0.0140656
0.0148499
0.0153297
0.0131505
0.0103809
0.0108213
0.0157569
0.0142745
0.0121165
0.013452
0.0150581
0.0129536
0.012055
0.0149582
0.0145847
0.0126565
0.0164039
0.0094968
0.0156569
0.0152659
0.0158275
0.0141855
0.0154032
0.0135994
0.0148521
0.0157169
0.00964926
0.0131932
0.0146422
0.0140954
0.0152555
0.0181165
0.0127983
0.0121992
0.0138311
0.0138336
0.00718579
0.0121021
0.0147997
0.0137943
0.0150993
0.0118297
0.0152892
0.0159694
0.0141562
0.00808259
0.0107158
0.0113655
0.0102242
0.0102582
0.00919272
0.0124261
0.0136753
0.0132307
0.0117017
0.0130287
0.0138898
0.00789902
0.01127
0.0168741
0.0136221
0.0132941
0.00946748
0.0143336
0.012752
0.0122871
0.0112359
0.00746044
0.0100227
0.0109908
0.0131686
0.00756945
0.0164852
0.0133337
0.0120879
0.0130245
0.0129542
0.014523
0.0122757
0.0100571
0.0120211
0.0109894
0.0163458
0.0134844
0.0128777
0.0142798
0.0128915
0.0134908
0.0111727
0.0103649
0.010558
0.010661
0.0134541
0.0137393
0.0133701
0.00942604
0.012913
0.0127902
0.0130306
0.0126704
0.01282
0.0117003
0.00831492
0.00895197
0.0107003
0.0117185
0.0149168
0.00876333
0.00575006
0.00735154
0.0118075
0.00762151
0.0116448
0.0125895
0.00950964
0.00915742
0.0146337
0.0139843
0.0129912
0.0135553
0.0143401
0.0142868
0.0144335
0.0194963
0.00809509
0.00661972
0.00974238
0.0116449
0.0107733
0.00936756
0.0155727
0.010362
0.0109711
0.0124957
0.00879995
0.0127017
0.00996336
0.0142704
0.0113186
0.0125445
0.015592
0.0123555
0.00911924
0.00689218
0.0108778
0.0120264
0.0113637
0.0112837
0.0133888
0.0137698
0.0141937
0.0130487
0.00940302
0.0119449
0.0102256
0.0101715
0.012471
0.00843611
0.0126721
0.0121736
0.012262
0.0126996
0.0100189
0.0134374
0.0106138
0.011756
0.012793
0.0105241
0.00949044
0.00729234
0.00873493
0.00782044
0.0113928
0.0117731
0.00882794
0.010862
0.00952234
0.00753595
0.0048616
0.00838598
0.00724168
0.0105824
0.0131816
0.0090786
0.0133882
0.00949998
0.0103653
0.0120169
0.0155795
0.0093435
0.0112695
0.0125574
0.00869224
0.00865442
0.00828942
0.0113586
0.0118667
0.0114047
0.011902
0.0120929
0.0120929
0.00660936
0.0113155
0.0112219
0.0119226
0.0120663
0.0112087
0.0114814
0.0124284
0.0131934
0.0125357
0.0111618
0.00745461
0.0121396
0.017183
0.00957013
0.0132952
0.0130205
0.0134138
0.0111508
0.0126538
0.0161173
0.00915512
0.0121733
0.0121563
0.00875408
0.0135698
0.0115758
0.0135371
0.0130524
0.0090213
0.0116266
0.0120379
0.0125414
0.0106481
0.00550331
0.0125273
0.00604964
0.0119919
0.0193765
0.0144652
0.0156084
0.0157422
0.0136107
0.0101019
0.00853426
0.0121199
0.012265
0.012759
0.011715
0.0120585
0.0118845
0.00836272
0.00906426
0.0104906
0.0145606
0.0146492
0.00503129
0.0123406
0.0143175
0.00755076
0.0136472
0.0187341
0.0113438
0.0105564
0.0161431
0.0108061
0.0122117
0.0126909
0.0118542
0.00829912
0.0118945
0.0100571
0.00490861
0.0101363
0.0106933
0.0114731
0.0171798
0.0150434
0.0137397
0.0110871
0.00519047
0.0109614
0.016414
0.0126158
0.0102417
0.0148896
0.017574
0.00960734
0.0144116
0.0169098
0.0138351
0.0145414
0.0101409
0.0125865
0.014318
0.0132125
0.0134711
0.0161561
0.0143591
0.0156821
0.0139435
0.0153343
0.0170618
0.0179828
0.0127693
0.012103
0.0146634
0.0128847
0.016135
0.0115871
0.00953989
0.0130546
0.00934449
0.0110114
0.0140077
0.0138169
0.014016
0.00998409
0.0106809
0.0124348
0.0122067
0.0134754
0.0100388
0.0100018
0.010526
0.0128317
0.0142533
0.0135459
0.00906023
0.0178115
0.0156389
0.00901128
0.0132056
0.0132611
0.0132724
0.0109131
0.00967939
0.0136735
0.0134139
0.0132
0.0126996
0.0159015
0.0140574
0.0152123
0.014414
0.011849
0.0134154
0.0122149
0.0117348
0.0104128
0.0100111
0.0122306
0.0145557
0.00980101
0.0124367
0.00490184
0.012099
0.013986
0.01491
0.0127425
0.00459091
0.0122016
0.00594319
0.0128535
0.00979982
0.0108456
0.0293902
0.00919677
0.0110527
0.0105772
0.0133408
0.0140316
0.0121322
0.0112214
0.0113812
0.0130187
0.0106488
0.0115249
0.0137155
0.011098
0.00728395
0.0153702
0.0137974
0.0123629
0.0134403
0.0134989
0.0134148
0.013175
0.0108918
0.0116926
0.00768117
0.0121602
0.0102579
0.0157691
0.0139044
0.016119
0.0127934
0.0126504
0.0120112
0.0132315
0.00914025
0.0109537
0.00980354
0.0123655
0.0106194
0.0143973
0.0106335
0.00948872
0.00662153
0.0115708
0.0112127
0.0142257
0.0131856
0.0142226
0.014228
0.01153
0.0120811
0.0152004
0.00754666
0.0137529
0.00966048
0.00919715
0.0128721
0.0141555
0.0159172
0.010523
0.0142927
0.0144822
0.00822347
0.0136953
0.0116986
0.00995701
0.0127462
0.0106204
0.0102659
0.0205051
0.0122266
0.0122272
0.0117841
0.0134017
0.0137536
0.0123548
0.0136879
0.00979096
0.0141176
0.0131783
0.0133209
0.0138237
0.0127823
0.0129749
0.012675
0.0123803
0.0139205
0.0129152
0.00998139
0.00956117
0.00707967
0.00709315
0.0133778
0.0133659
0.00691119
0.0102715
0.00874137
0.0113282
0.0100082
0.0120191
0.0078283
0.00765405
0.0153632
0.0129324
0.0155226
0.0168415
0.0165784
0.0134621
0.0115377
0.0100852
0.0107933
0.0160789
0.0124156
0.0153122
0.0112634
0.0131305
0.0118067
0.00730876
0.0111848
0.0129002
0.0115697
0.012702
0.011145
0.0102273
0.00780093
0.0100063
0.00879623
0.0150909
0.0109024
0.00962866
0.00923041
0.0105566
0.0170274
0.0139384
0.0118239
0.0137436
0.00837404
0.0146198
0.0108257
0.01194
0.0119258
0.0145853
0.0126571
0.00883756
0.0104408
0.0138724
0.014106
0.00634492
0.0114477
0.0116784
0.0115047
0.0113699
0.0131545
0.0119404
0.0134669
0.0123529
0.0111433
0.0152748
0.010582
0.0113423
0.012068
0.0114648
0.00914405
0.00894869
0.00968903
0.0100567
0.00952848
0.0116517
0.0132591
0.0117665
0.0140686
0.0118468
0.0143798
0.00489094
0.0141188
0.00996317
0.0154055
0.0131568
0.0113272
0.0121833
0.0129312
0.00573026
0.0139661
0.0153829
0.00968393
0.0130005
0.0110374
0.0128704
0.0133293
0.014349
0.0139626
0.0138468
0.0162952
0.0129134
0.0115944
0.0124884
0.0135713
0.011894
0.0152074
0.0145461
0.0130449
0.0138572
0.0130919
0.0122281
0.0136426
0.0125704
0.0137471
0.0163089
0.0147174
0.0129464
0.0125711
0.0141122
0.0143001
0.0142836
0.0131121
0.00859947
0.0104606
0.0119981
0.0145017
0.0170747
0.0117467
0.0132556
0.0153311
0.0119973
0.0161868
0.0151223
0.012353
0.0170315
0.0158373
0.0133379
0.0146279
0.0129305
0.0150056
0.0152158
0.0153523
0.0137779
0.0147508
0.0144708
0.0134339
0.0128165
0.0116952
0.0152671
0.0131936
0.0101436
0.0119091
0.0130545
0.0127922
0.0139742
0.0130488
0.0120847
0.0125644
0.0126109
0.0131783
0.0107628
0.0135083
0.0116745
0.0149141
0.0131919
0.0125398
0.0122217
0.0123986
0.0106471
0.0117122
0.0161243
0.00901803
0.0128913
0.0111962
0.0115158
0.0115186
0.0148107
0.0150178
0.0122303
0.0114548
0.0121464
0.0125179
0.0135849
0.00793497
0.0121778
0.0146682
0.0124932
0.0131668
0.0137288
0.0143632
0.0147038
0.0107488
0.00967383
0.0182531
0.0157086
0.0145952
0.0136582
0.0154327
0.0145484
0.0115966
0.0144313
0.0125889
0.0149076
0.0127529
0.0144605
0.0123035
0.0134023
0.0128773
0.0140706
0.0133599
0.0157228
0.0153073
0.00989842
0.013407
0.00617156
0.00685404
0.0135792
0.0133398
0.0132677
0.0123622
0.0104729
0.0124305
0.0153037
0.0120035
0.0133608
0.0160171
0.0135983
0.0140007
0.0142592
0.0136751
0.0139108
0.0135698
0.0109138
0.0123293
0.0150638
0.0116808
0.00647909
0.0171677
0.015681
0.0132847
0.0157195
0.0160044
0.0167364
0.00909162
0.0147671
0.0142147
0.0140613
0.0156606
0.018934
0.0128188
0.00596715
0.0118341
0.00771399
0.0161619
0.0116904
0.012015
0.0107885
0.0121344
0.0137731
0.0159532
0.0148596
0.0173091
0.0181751
0.0116633
0.00560497
0.0132604
0.0155648
0.0118062
0.00797599
0.00444108
0.0157917
0.0144272
0.0127464
0.0131433
0.00500069
0.0160781
0.0156443
0.015971
0.0136837
0.0165526
0.0172226
0.00941865
0.0175632
0.0132542
0.0163923
0.00635227
0.0146785
0.0149011
0.0141369
0.0155635
0.0164217
0.0130961
0.0125243
0.0157604
0.0164647
0.0147387
0.0187766
0.00732483
0.0136451
0.0151946
0.0166417
0.0163637
0.00645248
0.0151355
0.0151804
0.0160372
0.0116659
0.0169559
0.0117768
0.00736448
0.015759
0.0166142
0.0174221
0.0165715
0.00544143
0.01566
0.0143006
0.0145458
0.018506
0.018372
0.0167175
0.00949575
0.0137587
0.00549821
0.0176366
0.00918986
0.0172691
0.014463
0.0134214
0.0126338
0.0165021
0.0150785
0.0167444
0.0165464
0.0148238
0.0147338
0.0141376
0.0135992
0.0153982
0.011891
0.0102298
0.0114787
0.0101941
0.0137327
0.0149332
0.0118126
0.0128182
0.0114736
0.0128527
0.0050629
0.0152145
0.0137256
0.0136574
0.0156976
0.0121693
0.0106184
0.00593593
0.014319
0.0107115
0.0120099
0.0132496
0.0112768
0.00845624
0.0112271
0.0136708
0.0122924
0.00828504
0.00833784
0.0141687
0.0108524
0.013635
0.0155118
0.0155493
0.00843347
0.0121881
0.0111888
0.0134123
0.0155547
0.0128113
0.01439
0.014842
0.0156993
0.00843488
0.00789182
0.0140523
0.0147762
0.0163337
0.01859
0.015187
0.0163876
0.0051272
0.0154064
0.0120764
0.0145322
0.0179275
0.0150323
0.00650777
0.0165185
0.0152039
0.0172585
0.0148559
0.0153255
0.0150762
0.0160088
0.0180908
0.00723738
0.018132
0.015143
0.0173031
0.0161274
0.0103674
0.0129817
0.013806
0.0109339
0.0103681
0.0142422
0.0120282
0.0110558
0.00963324
0.00519169
0.0103521
0.012206
0.0146577
0.0123435
0.0125984
0.0128095
0.014386
0.0108462
0.0122128
0.0131647
0.0128553
0.00599415
0.00830682
0.0168159
0.00816511
0.0150114
0.0130632
0.0133448
0.0110682
0.0117126
0.010656
0.0125606
0.0157648
0.0170487
0.00454503
0.0120495
0.00687562
0.0157786
0.0158335
0.0139624
0.0116161
0.0117693
0.012632
0.0105401
0.0118861
0.0119914
0.0134941
0.0105114
0.0170679
0.0116497
0.0088616
0.0140247
0.00805485
0.0142018
0.0131659
0.0120271
0.00808451
0.00989132
0.00790377
0.01042
0.0114012
0.0094617
0.00940328
0.0092446
0.0117422
0.0116742
0.0125463
0.00984166
0.0120801
0.0103446
0.0137864
0.0167632
0.0143281
0.0161728
0.016176
0.0158862
0.0124789
0.0118634
0.014535
0.0158679
0.0122652
0.0134486
0.012982
0.0115755
0.0105592
0.0119782
0.0100806
0.0119954
0.0125781
0.0155127
0.0138107
0.00525467
0.0139163
0.0133391
0.01466
0.0103367
0.00929759
0.0127168
0.0135702
0.0120102
0.0157881
0.012711
0.0105777
0.0145501
0.014231
0.00582416
0.0142181
0.0103108
0.0105388
0.00934072
0.0114139
0.00901885
0.00570188
0.0119083
0.0100551
0.013638
0.0141462
0.0176457
0.0162309
0.015763
0.0132313
0.0148617
0.0137746
0.0144653
0.0119838
0.0115309
0.0140674
0.0141041
0.0134436
0.0120439
0.0140655
0.0141727
0.0122407
0.0123419
0.012623
0.0152
0.015508
0.0123854
0.0134915
0.0131451
0.0138734
0.00957612
0.0117805
0.0130983
0.0137219
0.0128767
0.0156335
0.0126747
0.0127177
0.0160863
0.0134261
0.00807638
0.0132792
0.0141902
0.0125342
0.0131908
0.0130253
0.0134386
0.00961747
0.00449537
0.0128153
0.0110965
0.0116411
0.0104914
0.0100488
0.0127364
0.0133209
0.0123093
0.0101435
0.0102395
0.0114792
0.0121778
0.0106785
