#time pop event params, rUintL
#to be inferred: Fun_moz 1, Like 2, Van 3, Lon 4, Par 5, Unk 6
#(((#H2,(#H1,(unknown))),(((#H3,(funestus#H1,(funestuscf)))#H2,((vaneedeni)#H3,longipalpisC)),(parensis))),rivulorum);
# admx = 1-p
# U>F es126 1000000 0.75
# FK>V es342 2093100 0.33
# U>FK es256 3093100 0.02
# VLFK/P ej52 ej25 3095400*
# VLFKP/U ej26 ej56 6126400*
set tbi4 tbi3 
set tbi3 tbi2
tbi0 es 126 rUintL 500000 1000000 rUflt 0.15 0.65
tbi1 es 324 rUintL 1352257 2318614 rUflt 0.001 0.4
tbi2 ej 45 rUintL 2419454 3166846
tbi3 es 256 rUintL 2973259 4700000 rUflt 0.001 0.4 
tbi4 ej 56 rUintL 3710305 5883435
#moz demographyres
3432 Ne 1 178924 0
7801 Ne 1 178924 0
13361 Ne 1 268598 0
20439 Ne 1 143992 0
29447 Ne 1 116252 0
40912 Ne 1 119603 0
55506 Ne 1 144849 0
74080 Ne 1 200033 0
97722 Ne 1 303346 0
127813 Ne 1 475634 0
166113 Ne 1 716467 0
214862 Ne 1 973895 0
276910 Ne 1 1163120 0
355884 Ne 1 1239141 0
456404 Ne 1 1226031 0
584343 Ne 1 1175616 0
747189 Ne 1 1126868 0
954457 Ne 1 1097645 0
1218271 Ne 1 1092487 0
1554050 Ne 1 1110291 0
1981436 Ne 1 1147963 0
2525414 Ne 1 1201264 0
3217789 Ne 1 1265020 0
4099036 Ne 1 1333628 0
5220714 Ne 1 1401990 0
6648393 Ne 1 1466164 0
8465536 Ne 1 1523946 0
#Like demography
4487 Ne 2 20993 0
6864 Ne 2 35317 0
9889 Ne 2 60133 0
13739 Ne 2 85483 0
18640 Ne 2 113456 0
24877 Ne 2 150475 0
32816 Ne 2 195363 0
42921 Ne 2 236609 0
55783 Ne 2 260564 0
72154 Ne 2 265067 0
92990 Ne 2 259062 0
119511 Ne 2 252221 0
153267 Ne 2 249771 0
196231 Ne 2 253392 0
250917 Ne 2 263267 0
320521 Ne 2 279292 0
409114 Ne 2 301435 0
521875 Ne 2 329699 0
665396 Ne 2 364006 0
848071 Ne 2 404124 0
1080582 Ne 2 449726 0
1376521 Ne 2 500653 0
1753196 Ne 2 557343 0
2232629 Ne 2 621367 0
2842850 Ne 2 695938 0
3619536 Ne 2 827958 0
4608143 Ne 2 827958 0
5866393 Ne 2 1391014 0
#Van demography
11292 Ne 3 117587 0
17273 Ne 3 327350 0
24886 Ne 3 654873 0
34575 Ne 3 903043 0
46908 Ne 3 986528 0
62605 Ne 3 955418 0
82585 Ne 3 909719 0
108015 Ne 3 895625 0
140383 Ne 3 906767 0
181581 Ne 3 916409 0
234018 Ne 3 904191 0
300759 Ne 3 869054 0
385707 Ne 3 823346 0
493832 Ne 3 781210 0
631454 Ne 3 752412 0
806614 Ne 3 741890 0
1029564 Ne 3 751753 0
1313336 Ne 3 782992 0
#Lon demography
13690 Ne 4 92530 0
20941 Ne 4 369542 0
30171 Ne 4 971981 0
41918 Ne 4 1492436 0
56870 Ne 4 1534554 0
75901 Ne 4 1339520 0
100124 Ne 4 1167141 0
130955 Ne 4 1075680 0
170196 Ne 4 1039875 0
220144 Ne 4 1021103 0
283716 Ne 4 995459 0
364632 Ne 4 957924 0
467621 Ne 4 916320 0
598707 Ne 4 882122 0
765554 Ne 4 864271 0
977918 Ne 4 867631 0
1248214 Ne 4 893988 0
#Par demography
11158 Ne 5 70861 0
17069 Ne 5 165020 0
24591 Ne 5 354435 0
34166 Ne 5 551301 0
46354 Ne 5 638336 0
61865 Ne 5 633365 0
81609 Ne 5 595500 0
106739 Ne 5 558589 0
138724 Ne 5 538401 0
179435 Ne 5 537667 0
231251 Ne 5 552348 0
297204 Ne 5 576515 0
381150 Ne 5 605027 0
487996 Ne 5 635445 0
623989 Ne 5 668544 0
797082 Ne 5 707183 0
1017396 Ne 5 754829 0
1297811 Ne 5 814773 0
1654729 Ne 5 889779 0
2109011 Ne 5 981636 0
2687225 Ne 5 1090732 0
3423179 Ne 5 1215938 0
4359893 Ne 5 1355381 0
5552179 Ne 5 1507504 0
#unknown demography
11158 Ne 6 70861 0
17069 Ne 6 165020 0
24591 Ne 6 354435 0
34166 Ne 6 551301 0
46354 Ne 6 638336 0
61865 Ne 6 633365 0
81609 Ne 6 595500 0
106739 Ne 6 558589 0
138724 Ne 6 538401 0
179435 Ne 6 537667 0
231251 Ne 6 552348 0
297204 Ne 6 576515 0
381150 Ne 6 605027 0
487996 Ne 6 635445 0
623989 Ne 6 668544 0
797082 Ne 6 707183 0
1017396 Ne 6 754829 0
1297811 Ne 6 814773 0
1654729 Ne 6 889779 0
2109011 Ne 6 981636 0
2687225 Ne 6 1090732 0
3423179 Ne 6 1215938 0
4359893 Ne 6 1355381 0
5552179 Ne 6 1507504 0
