#time pop event params
#to be inferred moz 1, uga 2, Like 3, Van 4, Lon 5, Par 6
tbi0 ej 21 rC 400000 400000
tbi1 es 564 rUint 600000 1000000 rUflt 0.1 0.9
tbi2 es 461 rUint 600000 1000000 rUflt 0.1 0.9
tbi3 ej 16 rUint 2000000 4000000
tbi4 aej 36 rUint 300000 800000
tbi5 tm 32 rUint 1000 10000 rUflt 0 1
#moz demography
3432 Ne 1 178924 0
7801 Ne 1 178924 0
13361 Ne 1 268598 0
20439 Ne 1 143992 0
29447 Ne 1 116252 0
40912 Ne 1 119603 0
55506 Ne 1 144849 0
74080 Ne 1 200033 0
97722 Ne 1 303346 0
127813 Ne 1 475634 0
166113 Ne 1 716467 0
214862 Ne 1 973895 0
276910 Ne 1 1163120 0
355884 Ne 1 1239141 0
456404 Ne 1 1226031 0
584343 Ne 1 1175616 0
747189 Ne 1 1126868 0
954457 Ne 1 1097645 0
1218271 Ne 1 1092487 0
1554050 Ne 1 1110291 0
1981436 Ne 1 1147963 0
2525414 Ne 1 1201264 0
3217789 Ne 1 1265020 0
4099036 Ne 1 1333628 0
5220714 Ne 1 1401990 0
6648393 Ne 1 1466164 0
8465536 Ne 1 1523946 0
#uga demography
3972 Ne 2 203564 0
9028 Ne 2 203564 0
15463 Ne 2 188238 0
23654 Ne 2 163660 0
34079 Ne 2 243755 0
47348 Ne 2 414509 0
64237 Ne 2 658818 0
85733 Ne 2 933277 0
113094 Ne 2 1199811 0
147919 Ne 2 1418179 0
192244 Ne 2 1537434 0
248661 Ne 2 1530818 0
320469 Ne 2 1428046 0
411868 Ne 2 1290331 0
528196 Ne 2 1165853 0
676264 Ne 2 1075829 0
864725 Ne 2 1023578 0
1104596 Ne 2 1005379 0
1409907 Ne 2 1016221 0
1798511 Ne 2 1051459 0
2293125 Ne 2 1106514 0
2922671 Ne 2 1176158 0
3723964 Ne 2 1254304 0
4743857 Ne 2 1334575 0
6041964 Ne 2 1411543 0
7694214 Ne 2 1481773 0
9797214 Ne 2 1543827 0
#Like demography
4487 Ne 3 20993 0
6864 Ne 3 35317 0
9889 Ne 3 60133 0
13739 Ne 3 85483 0
18640 Ne 3 113456 0
24877 Ne 3 150475 0
32816 Ne 3 195363 0
42921 Ne 3 236609 0
55783 Ne 3 260564 0
72154 Ne 3 265067 0
92990 Ne 3 259062 0
119511 Ne 3 252221 0
153267 Ne 3 249771 0
196231 Ne 3 253392 0
250917 Ne 3 263267 0
320521 Ne 3 279292 0
409114 Ne 3 301435 0
521875 Ne 3 329699 0
665396 Ne 3 364006 0
848071 Ne 3 404124 0
1080582 Ne 3 449726 0
1376521 Ne 3 500653 0
1753196 Ne 3 557343 0
2232629 Ne 3 621367 0
2842850 Ne 3 695938 0
3619536 Ne 3 827958 0
4608143 Ne 3 827958 0
5866393 Ne 3 1391014 0
#Van demography
11292 Ne 4 117587 0
17273 Ne 4 327350 0
24886 Ne 4 654873 0
34575 Ne 4 903043 0
46908 Ne 4 986528 0
62605 Ne 4 955418 0
82585 Ne 4 909719 0
108015 Ne 4 895625 0
140383 Ne 4 906767 0
181581 Ne 4 916409 0
234018 Ne 4 904191 0
300759 Ne 4 869054 0
385707 Ne 4 823346 0
493832 Ne 4 781210 0
631454 Ne 4 752412 0
806614 Ne 4 741890 0
1029564 Ne 4 751753 0
1313336 Ne 4 782992 0
#Lon demography
13690 Ne 5 92530 0
20941 Ne 5 369542 0
30171 Ne 5 971981 0
41918 Ne 5 1492436 0
56870 Ne 5 1534554 0
75901 Ne 5 1339520 0
100124 Ne 5 1167141 0
130955 Ne 5 1075680 0
170196 Ne 5 1039875 0
220144 Ne 5 1021103 0
283716 Ne 5 995459 0
364632 Ne 5 957924 0
467621 Ne 5 916320 0
598707 Ne 5 882122 0
765554 Ne 5 864271 0
977918 Ne 5 867631 0
1248214 Ne 5 893988 0
#Par demography
11158 Ne 6 70861 0
17069 Ne 6 165020 0
24591 Ne 6 354435 0
34166 Ne 6 551301 0
46354 Ne 6 638336 0
61865 Ne 6 633365 0
81609 Ne 6 595500 0
106739 Ne 6 558589 0
138724 Ne 6 538401 0
179435 Ne 6 537667 0
231251 Ne 6 552348 0
297204 Ne 6 576515 0
381150 Ne 6 605027 0
487996 Ne 6 635445 0
623989 Ne 6 668544 0
797082 Ne 6 707183 0
1017396 Ne 6 754829 0
1297811 Ne 6 814773 0
1654729 Ne 6 889779 0
2109011 Ne 6 981636 0
2687225 Ne 6 1090732 0
3423179 Ne 6 1215938 0
4359893 Ne 6 1355381 0
5552179 Ne 6 1507504 0
